Big W,https://au-catalogues.com/big-w-specials,au-catalogues
KMart,https://au-catalogues.com/kmart-specials,au-catalogues
Dick Smith,https://au-catalogues.com/dick-smith-specials,au-catalogues
David Jones,https://au-catalogues.com/david-jones-specials,au-catalogues
Harvey Norman,https://au-catalogues.com/harvey-norman-specials,au-catalogues
BCF,https://au-catalogues.com/bcf-specials,au-catalogues
The Good Guys,https://au-catalogues.com/the-good-guys-specials,au-catalogues
BWS,https://au-catalogues.com/bws-specials,au-catalogues
Repco,https://au-catalogues.com/repco-specials,au-catalogues
Myer,https://au-catalogues.com/myer-specials,au-catalogues
Target,https://au-catalogues.com/target-specials,au-catalogues
First Choice,https://au-catalogues.com/first-choice-specials,au-catalogues
Priceline Pharmacy,https://au-catalogues.com/priceline-pharmacy-specials,au-catalogues
Officeworks,https://au-catalogues.com/officeworks-specials,au-catalogues
Supercheap Auto,https://au-catalogues.com/supercheap-auto-specials,au-catalogues
Rebel Sport,https://au-catalogues.com/rebel-sport-specials,au-catalogues
Liquorland,https://au-catalogues.com/liquorland-specials,au-catalogues
Chemist Warehouse,https://au-catalogues.com/chemist-warehouse-specials,au-catalogues
Woolworths,https://au-catalogues.com/woolworths-specials,au-catalogues
KMart NZ,https://my-catalogue.nz/kmart-mailers,au-catalogues
Shoprite,https://my-catalogue.co.za/shoprite-specials,au-catalogues
Pick N Pay,https://my-catalogue.co.za/pick-n-pay-specials,au-catalogues
Spar,https://my-catalogue.co.za/spar-specials,au-catalogues
Edgars,https://my-catalogue.co.za/edgars-specials,au-catalogues
Vintage Cellars,https://au-catalogues.com/vintage-cellars-specials,au-catalogues
OMAX NZ,https://my-catalogue.nz/officemax-mailers,au-catalogues
Warehouse Stationary Blue,https://my-catalogue.nz/warehouse-stationery-mailers,au-catalogues
Coles Supermarket,https://au-catalogues.com/coles-specials,au-catalogues
Farmers,https://my-catalogue.nz/farmers-mailers,au-catalogues
Clicks,https://my-catalogue.co.za/clicks-specials,au-catalogues
Countdown NZ,https://my-catalogue.nz/countdown-mailers,au-catalogues
Warehouse Red,https://my-catalogue.nz/the-warehouse-mailers,au-catalogues
Super Amart,https://au-catalogues.com/amart-furniture-specials,au-catalogues
Macpac,https://www.tiendeo.com.au/sydney-nsw/macpac,tiendeo
-------------,-------------,-------------
WINC,https://www.winc.com.au/page/catalogues,winc
Coles Express,https://www.colesexpress.com.au/special-offers.aspx,other
-------------,-------------,-------------
#[IGNORE]Macpac,https://www.tiendeo.com.au/sydney-nsw/macpac,other
#[IGNORE]Pick N Pay,https://www.pnp.co.za/pnpstorefront/catalogues,other
#[IGNORE]KMart NZ,http://www.kmart.co.nz/catalogue,other
#[IGNORE]Shoprite,https://www.shoprite.co.za/specials.html,other
#[IGNORE]Spar,https://www.spar.co.za/Specials,other
#[IGNORE]Edgars,https://www.guzzle.co.za/edgars/,other
#[IGNORE]OMAX NZ,https://www.officemax.co.nz/promotions-and-catalogues,other
#[IGNORE]Warehouse Stationary Blue,http://www.warehousestationery.co.nz/content/latest-mailer.html,other
#[IGNORE]Coles Supermarket,https://www.coles.com.au/catalogues-and-specials/view-all-available-catalogues,cs
#[IGNORE]Farmers,https://www.farmers.co.nz/catalogue,other
#[IGNORE]Clicks,https://www.guzzle.co.za/clicks/,other
#[IGNORE]Countdown NZ,https://shop.countdown.co.nz/shop/content/weeklymailer,other
#[IGNORE]Warehouse Red,http://www.thewarehouse.co.nz/online-mailer.html,other
#[IGNORE]Super Amart,http://www.superamart.com.au/catalogue,other